1	003050025	0
1	004072880-1	3	8	11	22	23	24	33	34	35	36
1	014011318-1	0
1	014707348	7	19
1	020498430-1	0	1
1	022210781	6
1	023221270-1	23
1	025942343-1	23
1	031692201-1	14
1	032367924-1	0	1
1	032875161	0	3	11	28	30	31	33	34	36	38
1	034181735-1	31
1	035058756-1	72
1	037487058-1	29	31	32
1	039224405-1	0	1
1	045825289-1	74
1	046267979-1	23
1	046369840-1	3	7	11	15	19	23	27	31	35
1	052451139	0	4	6
1	052451139-1	8
1	055680126-1	21
1	056484113	7
1	056484113-1	0	1	14	15
1	057343789	25
1	060111501	7	8
1	060111501-1	0	16	17
1	064591724-1	0
1	074076862-1	1	2	3	4	5	7
1	079526731-1	1	4	6	9	11	14	16	18	23	25	28	30	32
1	080683474	0	3	5	7	9	12	14	16	19	21	23	26	28	30	33	35
1	082873751	36
1	082974180	1
1	082974180-1	0
1	089026378-1	0
1	092084188	32
