1	000463202	11
1	001839068	38
1	002327194	0
1	003050025	20
1	003668320	25
1	004072880	1	5	10	13	24	25	26	35	36	37	38
1	004544638	14
1	004645041	27
1	005476164	21
1	005755876	39
1	007276301	2
1	007513778	25
1	007586333	39
1	007845638	19
1	008534746	19
1	008534967	19
1	009444296	0	1	3	5	6	7	8	9	10	11	12
1	010077800	29
1	010147154	18
1	011355759	34
1	011976213	7
1	012429722	16
1	013637148	36
1	013688563	20
1	013935607	7
1	014011318	36
1	014092422	22
1	014489487	33	34	35	36	37	38	39
1	014707348	29	30	31
1	016080805	3
1	016122129	14
1	017329432	34
1	017701048	29
1	020498430	3	5
1	021233911	27
1	021494038	9
1	022210781	21
1	022359584	19
1	023107480	36	37	38	39
1	023221270	13
1	024317219	0	1	2	3	4	5	6	7
1	024734810	37
1	025942343	14	38
1	026226404	29
1	026806364	30
1	026867736	27
1	028863055	32
1	028975145	9
1	029359184	0
1	029444889	2
1	031171108	36
1	031692201	2	17
1	031800347	13
1	032078006	18
1	032367924	32
1	032866455	0
1	032875161	0	3	11	28	30	31	33	34	36	38	39
1	033349917	39
1	033519724	31
1	033902979	10
1	034181735	5	37
1	035058756	28	101
1	035597268	26
1	036019064	28
1	036891364	38
1	037047210	5
1	037487058	6	36
1	037969241	15
1	039224405	23	24	25
1	039900270	39
1	042422201	12
1	043612653	35
1	044076275	20
1	044741237	30	32	33	34	35	36	37	38	39
1	045054414	12
1	045825289	38	113
1	046267979	10	34
1	046369840	3	7	11	15	19	23	27	31	35	39
1	048743120	37
1	049724851	5
1	052309784	21
1	052439027	29
1	052451139	0	4	6	17
1	053135463	33
1	053710654	16
1	054671028	20
1	055676289	17
1	055680126	3	25
1	055840425	23
1	056484113	22	23
1	057343789	26	27	28	29	30	31	32	33	34	35
1	058336877	35
1	059029494	33
1	059127544	34
1	059413072	31
1	059684285	29
1	060111501	17	18	34	35
1	062939864	24
1	063340376	33
1	064591724	0	1	2	3	4	5
1	065869363	19
1	066864322	5
1	068300677	10	12	25	27
1	068473117	7
1	069597421	34
1	069701574	24
1	070096913	33
1	070407977	19
1	073086748	20
1	074076862	1
1	074747094	39
1	075061475	2
1	076360579	14
1	076949293	16
1	079526731	6	8	11	13	16	18	21	23	25	30	32	35	37	39
1	079829518	18
1	079941040	25
1	080683474	0	3	5	7	9	12	14	16	19	21	23	26	28	30	33	35	37
1	080812038	39
1	081457472	25
1	082645747	28
1	082873751	37
1	082974180	0	2	3	4
1	083598012	34
1	084964739	31
1	086846798	34
1	086859913	4
1	089026378	25	26
1	089052728	31
1	090255291	39
1	090535064	34	35	36	37	38
1	092084188	33	34	35	36	37	38
1	092952914	24
1	092969765	14
1	094023024	29
1	094146481	5
1	094845331	2
1	096217255	5
1	096322254	12
1	096361998	33
1	098688694	35
